-65.694617
-46.253133
-23.048425
-13.986084
-12.569134
-11.659692
-19.081466
-25.168288
-28.942901
-30.891906
-32.786026
-39.023516
-35.226873
-33.025753
-38.947353
-41.901061
-45.566512
-41.319010
-23.025389
-22.940559
-29.761796
-30.400294
-32.142954
-35.177622
-37.634065
-40.791265
-43.354330
-36.556430
-36.585575
-38.475603
-39.514018
-37.591422
-37.385987
-37.105824
-38.948462
-35.661401
-39.248609
-35.996477
-38.633738
-35.675273
-38.991478
-39.226088
-35.142935
-37.508668
-35.274762
-35.865250
-35.969883
-35.523087
-35.018362
-38.466830
-35.039869
-34.456709
-36.238430
-30.346474
-30.940620
-32.119969
-31.999401
-32.559820
-32.377455
-32.492503
-32.521207
-32.324043
-32.692241
-32.156196
-32.082115
-31.625959
-33.508797
-34.654789
-33.898098
-33.302176
-34.028455
-34.019449
-36.724676
-35.506810
-35.574127
-37.112845
-35.612693
-34.976329
-36.793164
-35.604958
-36.725028
-35.595181
-35.360576
-38.891210
-39.454778
-35.870259
-41.833240
-37.081405
-37.575843
-45.824840
-41.197560
-35.927483
-41.139564
-45.951803
-37.261658
-37.740373
-45.898465
-45.881107
-64.570775
-36.135126
-39.446868
-43.289369
-55.470834
-80.058085
-37.241106
-37.749104
-45.967627
-45.877835
-81.218579
-inf
-63.615047
-36.121152
-39.502953
-43.153158
-56.337446
-86.013623
-inf
-inf
-inf
-58.247600
-44.183106
-34.106651
-17.514459
-16.093232
-16.035828
-14.444312
-18.691668
-20.492906
-24.036059
-27.802903
-29.335792
-31.677919
-33.551853
-34.803056
-40.257631
-44.932829
-46.518630
-51.425456
-54.855946
-59.456869
-63.184150
-67.921227
-73.075984
-88.208668
-102.431121
-inf
-inf
-inf
